| T Gate Index     | Failed (%)        | Succeed (%)       | Measurements (%)  | Output Vector (%) |
|------------------|-------------------|-------------------|-------------------|-------------------|
| 1                | 5.96              | 94.04             | 19.04             | 75.00             |
| 2                | 7.86              | 92.14             | 17.63             | 74.51             |
| 3                | 5.86              | 94.14             | 18.95             | 75.20             |
| 4                | 7.91              | 92.09             | 17.82             | 74.27             |
| 5                | 6.05              | 93.95             | 18.95             | 75.00             |
| 6                | 7.76              | 92.24             | 17.77             | 74.46             |
| 7                | 6.01              | 93.99             | 18.90             | 75.10             |
| 8                | 7.28              | 92.72             | 17.92             | 74.80             |
| 9                | 14.70             | 85.30             | 18.65             | 66.65             |
| 10               | 14.79             | 85.21             | 18.60             | 66.60             |
| 11               | 14.60             | 85.40             | 18.60             | 66.80             |
| 12               | 14.31             | 85.69             | 19.04             | 66.65             |
| 13               | 14.75             | 85.25             | 18.75             | 66.50             |
| 14               | 14.99             | 85.01             | 18.60             | 66.41             |
| 15               | 14.99             | 85.01             | 18.80             | 66.21             |
| 16               | 14.50             | 85.50             | 18.95             | 66.55             |
| 17               | 15.28             | 84.72             | 18.46             | 66.26             |
| 18               | 14.94             | 85.06             | 18.65             | 66.41             |
| 19               | 14.79             | 85.21             | 18.70             | 66.50             |
| 20               | 14.75             | 85.25             | 18.95             | 66.31             |
| 21               | 4.83              | 95.17             | 19.19             | 75.98             |
| 22               | 8.25              | 91.75             | 17.43             | 74.32             |
| 23               | 5.18              | 94.82             | 18.99             | 75.83             |
| 24               | 7.67              | 92.33             | 17.48             | 74.85             |
| 25               | 4.83              | 95.17             | 19.14             | 76.03             |
| 26               | 7.67              | 92.33             | 17.63             | 74.71             |
| 27               | 5.27              | 94.73             | 18.85             | 75.88             |
| 28               | 7.57              | 92.43             | 17.58             | 74.85             |
