| T Gate Index     | Failed (%)        | Succeed (%)       | Measurements (%)  | Output Vector (%) |
|------------------|-------------------|-------------------|-------------------|-------------------|
| 3                | 6.15              | 93.85             | 19.14             | 74.71             |
| 5                | 6.15              | 93.85             | 19.24             | 74.61             |
| 25               | 6.25              | 93.75             | 19.24             | 74.51             |
| 23               | 6.30              | 93.70             | 18.95             | 74.76             |
| 7                | 6.35              | 93.65             | 18.95             | 74.71             |
| 21               | 6.35              | 93.65             | 18.95             | 74.71             |
| 27               | 6.40              | 93.60             | 19.14             | 74.46             |
| 1                | 6.45              | 93.55             | 18.85             | 74.71             |
| 4                | 6.74              | 93.26             | 18.99             | 74.27             |
| 26               | 6.98              | 93.02             | 18.80             | 74.22             |
| 2                | 7.03              | 92.97             | 18.85             | 74.12             |
| 28               | 7.03              | 92.97             | 18.85             | 74.12             |
| 24               | 7.18              | 92.82             | 18.85             | 73.97             |
| 6                | 7.23              | 92.77             | 18.80             | 73.97             |
| 22               | 7.28              | 92.72             | 18.70             | 74.02             |
| 8                | 7.32              | 92.68             | 18.55             | 74.12             |
| 13               | 14.06             | 85.94             | 18.16             | 67.77             |
| 11               | 14.36             | 85.64             | 18.21             | 67.43             |
| 20               | 14.40             | 85.60             | 18.26             | 67.33             |
| 10               | 14.45             | 85.55             | 18.31             | 67.24             |
| 12               | 14.50             | 85.50             | 18.16             | 67.33             |
| 14               | 14.50             | 85.50             | 18.12             | 67.38             |
| 18               | 14.55             | 85.45             | 18.12             | 67.33             |
| 15               | 14.60             | 85.40             | 18.36             | 67.04             |
| 17               | 14.60             | 85.40             | 18.07             | 67.33             |
| 19               | 14.60             | 85.40             | 18.31             | 67.09             |
| 9                | 14.65             | 85.35             | 18.16             | 67.19             |
| 16               | 14.75             | 85.25             | 18.46             | 66.80             |
